 XF =  -0.000 - XG =   0.000
 YF =  -5.000 - YG =   0.000
 ZF =  -2.500 - ZG =   0.000
 Displacement =  0.5000005E+03
 Waterplane area =  0.9999986E+02
 Mass = 0.5125006E+06
